255
255
255
255
255
255
255
255
0
255
255
255
255
255
255
255
255
255
255
255
255
255
255
255
255
255
255
255
0
255
255
255
255
255
255
255
255
255
255
255
255
255
255
255
255
255
255
255
0
255
255
255
255
255
255
255
255
255
255
255
255
255
255
255
255
255
255
255
0
255
255
255
255
255
255
255
255
255
255
255
255
255
255
255
255
255
255
255
0
255
255
255
255
255
255
255
255
255
255
255
255
255
255
255
255
255
255
255
0
255
255
255
255
255
255
255
255
255
255
255
255
255
255
255
255
255
255
255
0
255
255
255
255
255
255
255
255
255
255
255
255
255
255
255
255
255
255
255
0
14
4
11
8
13
10
255
255
255
255
255
255
255
255
255
255
255
255
255
255
255
255
255
255
255
3
255
255
255
255
255
255
255
255
255
255
255
255
255
255
255
255
255
255
255
5
255
255
255
255
255
255
255
255
255
255
255
255
255
255
255
255
255
255
255
26
255
255
255
255
255
255
255
255
255
255
255
255
255
255
255
255
255
255
255
255
255
255
255
255
255
255
255
255
255
255
255
255
255
255
255
255
255
255
255
255
255
255
255
255
255
255
255
255
255
255
255
255
255
255
255
255
255
255
255
255
255
255
255
255
255
255
255
255
255
255
255
255
255
255
255
255
255
255
255
255
255
255
255
255
255
255
255
255
255
5
5
3
3
4
7
2
2
255
255
255
255
255
255
255
255
255
255
255
255
2
255
255
255
255
255
255
255
255
255
255
255
255
255
255
255
255
255
255
255
3
255
255
255
255
255
255
255
255
255
255
255
255
255
255
255
255
255
255
255
2
255
255
255
255
255
255
255
255
255
255
255
255
255
255
255
255
255
255
255
2
255
255
255
255
255
255
255
255
255
255
255
255
255
255
255
255
